%YAML:1.0
---
mtx: !!opencv-matrix
   rows: 3
   cols: 3
   dt: d
   data: [ 6020.0619530047379, 0., 2114.2180447090714, 0.,
       6038.0197067625086, 1220.455454251734, 0., 0., 1. ]
dist: !!opencv-matrix
   rows: 1
   cols: 5
   dt: d
   data: [ 0.40077290557164036, -1.6083861182686852,
       -0.016042281474447639, 0.010879565963546193, -2.5166238978994899 ]
err: 0.88015231961608553
