%YAML:1.0
---
mtx: !!opencv-matrix
   rows: 3
   cols: 3
   dt: d
   data: [ 1455.0652657974158, 0., 758.76216887445753, 0.,
       1458.2496063934268, 1032.0690202915905, 0., 0., 1. ]
dist: !!opencv-matrix
   rows: 1
   cols: 5
   dt: d
   data: [ 0.2027533991964432, -0.6198054146715104,
       0.00094128294495929798, -0.00086999198200007075,
       0.23953586942981098 ]
err: 0.49303431868377223
